40 0.119172 0.718585 0.037946 0.076058
40 0.105283 0.779762 0.103423 0.194444
37 0.247520 0.719577 0.052579 0.074074
37 0.226314 0.779762 0.109375 0.198413
33 0.323413 0.718585 0.055556 0.064153
33 0.351066 0.775959 0.113839 0.194775
34 0.448909 0.723380 0.046627 0.054563
34 0.474454 0.777943 0.106647 0.190807
35 0.571429 0.716601 0.040675 0.064153
35 0.596230 0.769015 0.102183 0.184854
39 0.739211 0.709821 0.043899 0.058532
39 0.715154 0.770172 0.106399 0.190476
38 0.852307 0.713624 0.042411 0.058201
38 0.831101 0.767196 0.090278 0.181217
36 0.917163 0.711640 0.043651 0.066138
36 0.936880 0.761409 0.089038 0.188823
